0000000000000000000000000000000000000000000000000000000000000000000000000000000000000000000000000000
0000000000000000000000000000000000000000000000000000000000000000000000000000000000000000000000000000
0000000000000000000000000000000000000000000000000000000000000000000000000000000000000000000000000000
0000000000000000000000000000000000000000000000000000000000000000000000000000000000000000000000000000
0000000000000000000000000000000000000000000000000000000000000000000000000000000000000000000000000000
0000000000000000000000000000000000000000000000000000000000000000000000000000000000000000000000000000
0000000000000000000000000000000000000000000000000000000000000000000000000000000000000000000000000000
0000000000000000000000000000000000000000000000000000000000000000000000000000000000000000000000000000
0000000000000000000000000000000000000000000000000000000000000000000000000000000000000000000000000000
0000000000000000000000000000000000000000000000000000000000000000000000000000000000000000000000000000
0000000000000000000000000000000000000000000000000000000000000000000000000000000000000000000000000000
0000000000000000000000000000000000000000000000000000000000000000000000000000000000000000000000000000
0000000000000000000000000000000000000000000000000000000000000000000000000000000000000000000000000000
0000000000000000000000000000000000000000000000000000000000000000000000000000000000000000000000000000
0000000000000000000000000000000000000000000000000000000000000000000000000000000000000000000000000000
0000000000000000000000000000000000000000000000000000000000000000000000000000000000000000000000000000
0000000000000000000000000000000000000000000000000000000000000000000000000000000000000000000000000000
0000000000000000000000000000000000000000000000000000000000000000000000000000000000000000000000000000
0000000000000000000000000000000000000000000000000000000000000000000000000000000000000000000000000000
0000000000000000000000000000000000000000000000000000000000000000000000000000000000000000000000000000
0000000000000000000000000000000000000000000000000000000000000000000000000000000000000000000000000000
0000000000000000000000000000000000011111111111111111111111111111111111000000000000000000000000000000
0000000000000111111111111111111111111111111111111111111111111111111111111111111111111111111000000000
0000000000000111111111111111111111111111111111111111111111111111111111111111111111111111111000000000
0000000000000111111111111111111111011111111111110111111111111011111111111111111111111111111000000000
0000000000000111111111101111111111010111111111110111111111111111111111011111011111111111111000000000
0000000000000111111111101111111111111111111111111111111111111111111111111111111011111111111000000000
0000000000000111111111111111111111111111111111111111111111111111111111111111111111111111111000000000
0000000000000111111111111111111111111111111111111111111111111111111111111111111111111111111000000000
0000000000000111111111111111111111000001111100001111100001111110000000011111111111111111111000000000
0000000000000111111000000000011111110000111100001111000111111000000011111111111000000011111000000000
0000000000000111111111100000000011111100011110011110001111100000011111111100000000000011111000000000
0000000000000111111111111111000000011111001111011100111110000111111110000000000000000011111000000000
0000000000000111110000111111111110000111100000000000010001111111100000000011111100000011111000000000
0000000000000111110000000000011111111100000000000000000111110000000111111111111111100011111000000000
0000000000000111110000000000000000011100000111111111111100001111111111111111111111111111111000000000
0000000000000111111111111111111111111111111111111111111111111111111111111111111111111111111000000000
0000000000000111111111111111111111111111111111111111111111111111111111111111111111111111111000000000
0000000000000111111111111111111111100000000000000000000000000000000111111111111111111111111000000000
0000000000000111111111110000000000000000000000000000000000000000000000000000000011111111111000000000
0000000000000111110000000000000000111000000000000000001111100000000000000000000000000011111000000000
0000000000000111110000000000000000111110000000000001111111111111110000000000000000000011111000000000
0000000000000011110000000000000000111111110000000001111111111111110000000000000000000111110000000000
0000000000000011111000000000000000111111111100000000001111111111110000000000000000000111110000000000
0000000000000001111000000000000000001111111111000000001111111111111110000000000000001111100000000000
0000000000000001111100000000000000001111111111111001111111111111111100000000000000011111000000000000
0000000000000000111110000000000000000000011111111111111000000111100000000000000000111110000000000000
0000000000000000011111100000000000000000011111111111100000000000000000000000000001111100000000000000
0000000000000000000111110000000000000000000111111111111100000000000000000000000111111000000000000000
0000000000000000000011111100000000000000011111111111111111000000000000000000001111100000000000000000
0000000000000000000000111111000000000011111110000000000011110000000000000000111111000000000000000000
0000000000000000000000001111110000000111110000000000000000111110000000000111111100000000000000000000
0000000000000000000000000011111110000000000000000000000000000111000000011111110000000000000000000000
0000000000000000000000000000111111110000000000000000000000000000000011111110000000000000000000000000
0000000000000000000000000000000111111110000000000000000000000000111111111000000000000000000000000000
0000000000000000000000000000000001111111111000000000000000000111111111000000000000000000000000000000
0000000000000000000000000000000000001111111111100000000011111111110000000000000000000000000000000000
0000000000000000000000000000000000000000111111111111111111111110000000000000000000000000000000000000
0000000000000000000000000000000000000000000011111111111111100000000000000000000000000000000000000000
0000000000000000000000000000000000000000000000001111111000000000000000000000000000000000000000000000
0000000000000000000000000000000000000000000000000000000000000000000000000000000000000000000000000000
0000000000000000000000000000000000000000000000000000000000000000000000000000000000000000000000000000
0000000000000000000000000000000000000000000000000000000000000000000000000000000000000000000000000000
0000000000000000000000000000000000000000000000000000000000000000000000000000000000000000000000000000
0000000000000000000000000000000000000000000000000000000000000000000000000000000000000000000000000000
0000000000000000000000000000000000000000000000000000000000000000000000000000000000000000000000000000
0000000000000000000000000000000000000000000000000000000000000000000000000000000000000000000000000000
0000000000000000000000000000000000000000000000000000000000000000000000000000000000000000000000000000
0000000000000000000000000000000000000000000000000000000000000000000000000000000000000000000000000000
0000000000000000000000000000000000000000000000000000000000000000000000000000000000000000000000000000
0000000000000000000000000000000000000000000000000000000000000000000000000000000000000000000000000000
0000000000000000000000000000000000000000000000000000000000000000000000000000000000000000000000000000
0000000000000000000000000000000000000000000000000000000000000000000000000000000000000000000000000000
0000000000000000000000000000000000000000000000000000000000000000000000000000000000000000000000000000
0000000000000000000000000000000000000000000000000000000000000000000000000000000000000000000000000000
0000000000000000000000000000000000000000000000000000000000000000000000000000000000000000000000000000
0000000000000000000000000000000000000000000000000000000000000000000000000000000000000000000000000000
0000000000000000000000000000000000000000000000000000000000000000000000000000000000000000000000000000
0000000000000000000000000000000000000000000000000000000000000000000000000000000000000000000000000000
0000000000000000000000000000000000000000000000000000000000000000000000000000000000000000000000000000
0000000000000000000000000000000000000000000000000000000000000000000000000000000000000000000000000000
0000000000000000000000000000000000000000000000000000000000000000000000000000000000000000000000000000
0000000000000000000000000000000000000000000000000000000000000000000000000000000000000000000000000000
0000000000000000000000000000000000000000000000000000000000000000000000000000000000000000000000000000
0000000000000000000000000000000000000000000000000000000000000000000000000000000000000000000000000000
0000000000000000000000000000000000000000000000000000000000000000000000000000000000000000000000000000
0000000000000000000000000000000000000000000000000000000000000000000000000000000000000000000000000000
0000000000000000000000000000000000000000000000000000000000000000000000000000000000000000000000000000
0000000000000000000000000000000000000000000000000000000000000000000000000000000000000000000000000000
0000000000000000000000000000000000000000000000000000000000000000000000000000000000000000000000000000
0000000000000000000000000000000000000000000000000000000000000000000000000000000000000000000000000000
0000000000000000000000000000000000000000000000000000000000000000000000000000000000000000000000000000
0000000000000000000000000000000000000000000000000000000000000000000000000000000000000000000000000000
0000000000000000000000000000000000000000000000000000000000000000000000000000000000000000000000000000
0000000000000000000000000000000000000000000000000000000000000000000000000000000000000000000000000000
0000000000000000000000000000000000000000000000000000000000000000000000000000000000000000000000000000
0000000000000000000000000000000000000000000000000000000000000000000000000000000000000000000000000000
0000000000000000000000000000000000000000000000000000000000000000000000000000000000000000000000000000
0000000000000000000000000000000000000000000000000000000000000000000000000000000000000000000000000000
0000000000000000000000000000000000000000000000000000000000000000000000000000000000000000000000000000